00000000000000000000000000000000000000000000000000
00000000000000000000000000000000000000000000000000
00000000000000000000000000000000000000000000000000
00000011111110000000111111111000000011111111100000
00001111111112222222111111111222220011111111100000
00001111111110000000111111111000022211111111100000
00001111111110000000111111111000000011111111100000
00001111111000000000111111111000000011111111100000
00000020000000000000111111111000000011111111100000
00000020000000000000111111111000000000200000000000
00000020000000000000111111111000000000200000000000
00000020000000000000111111111000000000200000000000
00000020000000000000111111111000000000200000000000
00000020000000000000111111111000000000200000000000
00001111111110000000111111111000000000200000000000
00001111111110000000111111111000000011111111100000
00001111111112222222111111111222222211111111100000
00001111111110000000111111111000000011111111100000
00001111111110000000011111110000000011111111100000
00000020000000000000002000000000000000200000000000
00000020000000000000002000000000000000200000000000
00000020000000000000002000000000000000200000000000
00000020000000000000002000000000000000200000000000
00000020000000000000002000000000000000200000000000
00000022222222222111111111111000000000200000000000
00000020000000000111111111111000000000200000000000
00000020000000000111111111111000000000200000000000
00000020000000000111111111111000000000200000000000
00000020000000000111111111111000000000200000000000
00000020000000000111111111111000000000200000000000
00001111111000000111111111111000000000222200000000
00001111111000000111111111111000000000000200000000
00001111111000000111111111111000000000000200000000
00001111111000000111111111111000000000000200000000
00001111111000000000000000000000000000000200000000
00001111111000000000000000000000000000111111110000
00001111111000000000000000000000000000111111110000
00001111111000000000000000002222222222111111110000
00001111111222222222222222222000000000111111110000
00000111111000000000000000000000000000111111110000
00000011111000000000000000000000000000111111100000
00000001111000000000000000000000000000111111000000
00000000000000000000000000000000000000000000000000
00000000000000000000000000000000000000000000000000
00000000000000000000000000000000000000000000000000