00000000000000000000000000000000000000000000000000
00000000000000000000000000000000000000000000000000
00000000000000000000000000000000000000000000000000
00011111100000001111110000000111111000000111111000
00011111100000001111110000000111111000000111111000
00011111100000001111110000000111111000000111111000
00011111100000001111110000000111111000000111111000
00011111100000001111110000000111111000000111111000
00011100000000000001110000000111110000000001111000
00020000000000000002000000000000020000000000002000
00020000000000000002000000000000020000000000002000
00020000000000000002000000000022220000000000002000
00020000000000000002000000000020000000000000002000
00020000000000000002000000000020000000000000002000
00011111000000001111100000000011111000000000111000
00011111100222221111110000000111111000000111111000
00011111100200001111110000000111111222222111111000
00011111122200001111112222222111111000000111111000
00011111100000001111110000000111111000000111111000
00011111100000001111110000000111111000000111111000
00011111000000002000000000000001111000000000111000
00011110000000002000000000000002001000000000002000
00002000000000002222000000000002000000000000002000
00002000000000000002000000000002000000000000002000
00002000000000000002000000000002000000000000002000
00002000000000000002000000000111100000000000002000
00011111100000001111110000000111111000000111111000
00011111100000001111110000000111111222222111111000
00011111122220001111110000000111111000000111111000
00011111100022221111112222222111111000000111111000
00011111100000001111110000000111111000000111111000
00011110000000001111100000000111111000000000111000
00002000000000000002000000000020000000000000020000
00002000000000000002000000000020000000000000020000
00002000000000002222000000000020000000000000020000
00002000000000002000000000000020000000000000020000
00002000000000002000000000000020000000000001111000
00011111100000001111110000000111111000001111111100
00011111100000011111110000001111111000001111111100
00011111110000011111110000001111111100001111111100
00011111110000011111110000001111111100000111111100
00011111110000011111110000000111111100000111111000
00000000000000000000000000000000000000000000000000
00000000000000000000000000000000000000000000000000
00000000000000000000000000000000000000000000000000