00000000000000000000000000000000000000000000000000
00000000000000000000000000000000000000000000000000
00000000000000000000000000000000000000000000000000
00000000000000022222222222222220000000000000000000
00000000222222220000000200000022222220000000000000
00000000200000000000000200000000000020000000000000
00000000200000000000000200000000000020000000000000
00000000200000000000000200000000000020000000000000
00000022200000000000000222000000000020000000000000
00000020000000000000000002000000000020000000000000
00000020000000000000000002000000001111100000000000
00000020000000000000000002000000111111100000000000
00000022222222220000000002000000111111100000000000
00000020000000022222222222222222111111100000000000
00000020000000000000000002000000111111100000000000
00000020000000000000000002000000000200000000000000
00000020000000000000000002000000000200000000000000
00000020000000000000002222000000000222222000000000
00000020000000000000002000000000000000002000000000
00111111000000000000002000000000000000002000000000
00111111100000000000002000000000000000002000000000
00111111122222222222222222222222222222222000000000
00011111100000000000002000000000000000002000000000
00011111000000000000002000000000000000002000000000
00000020000000000000002000000000000000002000000000
00000020000000000000002000000000000000002000000000
00000020000000000000002222000000000000002000000000
00000020000000000000000002000000000000002000000000
00000020000000000000000002000000000001111100000000
00000020000000000000000002000000000111111100000000
00000022222222220000000002000000000111111100000000
00000020000000022222222222222222222111111100000000
00000020000000000000000002000000000111111100000000
00000020000000000000000002000000000000020000000000
00000020000000000000000002100000000000020000000000
00000020000000000000000002100000000000020000000000
00000020000000000000000002000000000000020000000000
00000111111111111111111111000000000000020000000000
00011111111111111111111111000000000000020000000000
00011111111111111111111111222222222222220000000000
00001111111111111111111111000000000000000000000000
00001111111111111111100000000000000000000000000000
00000000000000000000000000000000000000000000000000
00000000000000000000000000000000000000000000000000
00000000000000000000000000000000000000000000000000