00000000000000000000000000000000000000000000000000
00000000000000000000000000000000000000000000000000
00000000000000000000000000000000000000000000000000
00000000000000000000001111111111000000000000000000
00000111110000001111111111111111000000111111000000
00000111110000001111111111111111000000111111000000
00000111110000001111111111111111000000111111000000
00000111110000001111111111111111000000111111000000
00000111110000001111111111111111000000111111000000
00000111111000001111111111111111100000111111000000
00000111111222221111111111111111100000111111000000
00000111111000001111111111111111100000111111000000
00000111111000001111111111111111100000111111000000
00000111111000001111111111111111100000111111000000
00000111111000001111111111111111100000111111000000
00000111111000001111111111111111100000111111000000
00000111111000001111111111111111122222111111000000
00000111111000001111111111111111100000111111000000
00000111111000001111111111111111100000011110000000
00000111111000001111111111111111100000000200000000
00000111111000000002000000002000000000000200000000
00000111111000000002000000002000000000000200000000
00000111111000000002000000002000000000000200000000
00000111111000000002000000002000000000000200000000
00000111111000000002000000002000000000000200000000
00000111111000000002000000002000000000000200000000
00000111111000000002000000011111000000001111000000
00000111111000000002000000011111100000111111000000
00000111111000000002000000011111122222111111000000
00000111111000000002000000011111100000111111000000
00000111111222222222222222211111100000111111000000
00000111111000000000000000011111100000111111000000
00000111111000000000000000011111100000111111000000
00000111111000000000000000011111100000011111000000
00000111111000000000000000011111100000011111000000
00000111111000000000000000011111100000011111000000
00000111111000000000000000011110000000011100000000
00000111111000000000000000000000000000000000000000
00000111111000000000000000000000000000000000000000
00000111111000000000000000000000000000000000000000
00000111111000000000000000000000000000000000000000
00000111100000000000000000000000000000000000000000
00000000000000000000000000000000000000000000000000
00000000000000000000000000000000000000000000000000
00000000000000000000000000000000000000000000000000