00000000000000000000000000000000000000000000000000
00000000000000000000000000000000000000000000000000
00000000000000000000000000000000000000000000000000
00000000000000000000000111111100000000000000000000
00000000000000000000001111111100000000000000000000
00000000000000000000001111111110000000000000000000
00000000000000022222221111111110000000000000000000
00000000000000020000001111111112222222222222222000
00000000000000020000001111111110000000000000002000
00000000000000020000000000020000000000000000002000
00000000000000020000000000020000000000000000002000
00000000000222220000000000020000000000002222222000
00000000000200000000000000020000000000002000000000
00000000000200000000001111111100000000002000000000
00000000000200000000001111111100000000002000000000
00000000000222222222221111111110000000002000000000
00000000000200000000001111111112222222222000000000
00000000000200000000001111111110000000002000000000
00000000000200000000000111111110000000002000000000
00000000000200000000000111111110000000002000000000
00000000000200000000000000000200000000002000000000
00000000000200000000000000000200000000002000000000
00000000000200000000000000000200000000002000000000
00000000000200000000000000000200000000002000000000
00000000001111111111111111111110000000111111111000
00000001111111111111111111111110000000111111111000
00000001111111111111111111111110000000111111111000
00000001111111111111111111111110000000111111111000
00000001111111111111111111111110000000111111111000
00000001111111111111111111111112222222111111111000
00000001111111111111111111111110000000111111111000
00000000200000000000000000020000000000111111111000
00000000200000000000000000020000000000111111111000
00000000200000000000000000020000000000111111111000
00000000200000000000000000020000000000111111111000
00000000200000000000000000020000000000111111111000
00000000200000000000000000020000000000111111111000
00000000200000000000000000020000000000111111111000
00000000222222222222200000020000000000111111111000
00000000000000000000222222222222222222111111111000
00000000000000000000000000000000000000111111111000
00000000000000000000000000000000000000111111000000
00000000000000000000000000000000000000000000000000
00000000000000000000000000000000000000000000000000
00000000000000000000000000000000000000000000000000