00000000000000000000000000000000000000000000000000
00000000000000000000000000000000000000000000000000
00000000000000000000000000000000000000000000000000
00000000000000000000000000000000000000000000000000
00000000000000000000000000000000000000000000000000
00000111100000011111100000111110000000000111111000
00011111122222211111122222111112222222222111111000
00011111100000011111100000111110000200000111111000
00011111100000011111100000111110000200000111111000
00011111100000011111100000111110000200000111111000
00011111100000011111122222111110000200000111111000
00011111100000000200000002000000000200000111111000
00011111100000000200000002000000000200000111111000
00011111100000000200000002000000000200000111111000
00011111100000000200000002111110000200000111111000
00011111100000011111100000111112222222222111111000
00011111122222211111100000111110000200000111111000
00011111100000011111100000111110000200000111111000
00011111100000011111100000000000000200000111111000
00011111100000011111100000000000000200000111111000
00011111100000000200000000000000000200000002000000
00000200000000000200000000000222222200000002000000
00000200000000000200000000000200000000000002000000
00000200000000000200000000000200000000000002000000
00000200000000011111100000111111000000000002000000
00000200000000011111100000111111000000000011111000
00000200000000011111100000111111100000001111111000
00000200000000011111122222111111110000001111111000
00000200000000011111100000111111112222221111111000
00000200000000011111100000111111110000001111111000
00000200000000000000000000000000000000000002000000
00000200000000000000000000000000000000000002000000
00000200000000000000000000000000000000000002000000
00000200000000000000000000000000000000000002000000
00000200000000000000000000000000000000000002000000
00000200000011111111111111111111122222222222000000
00011222222211111111111111111111100000000000000000
00000000000011111111111111111111100000000000000000
00000000000011111111111111111111100000000000000000
00000000000011111111111111111111100000000000000000
00000000000000000000000000000000000000000000000000
00000000000000000000000000000000000000000000000000
00000000000000000000000000000000000000000000000000
00000000000000000000000000000000000000000000000000
00000000000000000000000000000000000000000000000000