00000000000000000000000000000000000000000000000000
00000000000000000000000000000000000000000000000000
00000000000000000000000000000000000000000000000000
00000000000000000000000000000000000000000000000000
00000000000000000000000000000000000000000000000000
00000000222222222222200001111110000000000000000000
00000000200000000000200111111110000000111111110000
00000000200000000000200111111110000000111111110000
00000000200000000000200111111111000000111111111000
00000000200000000000200111111111222222111111111000
00000000200000000000200111111111000000111111111000
00000000200000000000222111111111000000111111111000
00000000200000000000000111111111000000111111111000
00000000200000000000000111111111000000011111111000
00000000200000000000000000000020000000011111000000
00000000200000000000000000000020000000002000000000
00000000200000000000000000000020000000002000000000
00000000222222000000000000022220000000002000000000
00000000000002000000000000020000000000002000000000
00000000001111110000000111111100000000002000000000
00000000001111110000000111111100000000002000000000
00000000001111110000000111111100000000002000000000
00000000001111110000000111111100000000002000000000
00000000001111111000000111111100000000002000000000
00000000001111111000000111111100000000002000000000
00000000001111111000000111111100000000002000000000
00000000001111111000222111111122222222222000000000
00000000000111111000200111111100000000002000000000
00000000000111111222200020000000000000002000000000
00000000000111111000000020000000000000002200000000
00000000000002000000000020000000000000000200000000
00000000000002000000000020000000000000000200000000
00000000000002000000000020000000000000000200000000
00000000000002000000000020000000000000000200000000
00000000000002000000000020000000000000000200000000
00000000000002000000000020000000000000000200000000
00000000000002000000000020000000000000000200000000
00000000000002222222200020000000000000000200000000
00000000000000000000200020000000000222222200000000
00000000000000000000222222222222222200000000000000
00000000000000000000000000000000000000000000000000
00000000000000000000000000000000000000000000000000
00000000000000000000000000000000000000000000000000
00000000000000000000000000000000000000000000000000
00000000000000000000000000000000000000000000000000